0 0 283 27 26 1 673 331 2
70 231 93 8 39 662 0 0 350 5 0 334 4 0 21 521 0 440 182 7 10 17 20 0 0 0 1 407 11 0 0 3 0 0 7 301 0 2
661 122 9 117 53 6 62 498 4 375 1 0 0 9 3 659 418 0 30 124 2
0 16 0 13 0 12 637 110 6 8 683 38 95 5 8 0 4 564 48 258 7 103 0 5 658 4 0 496 77 553 4 491 1 0 0 2
64 11 131 3 40 10 3 1 176 34 28 0 21 0 14 17 290 28 336 458 4 0 0 37 537 194 2
0 283 11 210 12 579 7 281 139 542 0 0 8 47 0 50 0 13 112 686 5 1 579 0 31 3 617 4 673 331 76 0 4 196 2
15 0 3 468 6 33 34 35 0 609 6 1 194 3 22 381 0 0 1 142 7 0 0 105 8 0 23 0 3 372 3 0 7 0 187 29 0 0 13 644 2
15 83 3 33 0 4 188 0 401 0 5 0 3 0 0 0 5 684 190 2
9 0 3 59 8 0 0 3 19 0 18 8 417 11 500 616 5 1 31 3 9 10 8 568 2
15 569 11 0 16 1 188 6 112 2
64 5 1 0 4 1 434 3 0 24 0 12 460 7 0 22 35 0 5 421 3 134 4 1 0 6 1 495 0 3 11 0 0 16 0 0 5 0 2
15 0 0 0 14 1 0 0 9 0 0 6 89 0 0 89 133 543 3 9 7 161 27 0 26 1 0 14 0 377 520 0 0 4 53 0 0 0 2
9 69 689 0 0 277 5 14 56 22 1 310 0 6 198 82 0 86 6 130 0 373 7 0 76 456 0 3 9 0 10 3 0 1 52 16 295 292 250 24 121 0 7 107 5 1 547 600 2
88 1 0 0 0 36 0 0 8 0 352 91 0 0 0 0 0 11 0 0 17 7 0 8 0 352 2
15 657 173 10 637 234 1 294 109 1 39 77 397 36 177 179 2
0 254 20 270 29 0 38 5 51 73 12 0 0 2
72 209 0 13 0 411 11 140 2
64 90 1 0 6 1 0 0 351 3 1 321 263 7 0 27 193 43 0 16 4 0 8 0 441 611 85 1 63 7 1 171 5 323 51 100 2
667 639 34 104 4 18 0 5 279 79 89 119 2
0 12 599 20 28 504 312 4 300 2
0 98 36 28 312 11 300 3 44 1 306 146 25 10 17 16 80 9 557 9 4 0 1 554 6 1 466 3 7 343 17 143 544 408 4 0 0 0 13 196 102 21 74 223 466 19 28 152 2
0 501 251
72 0 0 378 13 1 513 0 6 0 7 375 0 14 0 583 2
0 29 1 0 36 295 5 8 266 292 1 247 3 40 87 2
64 8 0 293 0 1 0 85 1 620 628 7 21 327 608 55 36 0 29 1 77 397 2
0 3 0 0 8 47 0 50 272 0 13 21 47 0 50 6 0 0 0 0 7 0 27 0 66 135 28 18 255 2
688 640 211 623 242 27 0 13 8 0 6 242 195
9 69 131 22 226 273 7 0 186 399 311 431 3 9 0 636 0 0 10 5 8 159 2 9
69 22 0 6 218 6 0 6 1 0 55 27 614 23 153 49 28 53 6 349 30 0 27 0 1 402 0 23 361 3 9 674 10 2
0 564 8 307 373 11 21 0 4 146 0 3 662 10 17 34 270 0 50 0 6 0 567 5 126 262 2
0 460 6 1 0 0 52 16
0 11 0 157 0 44 3 30 314 13 112 0 3 0 32 18 255 516 6 157 4 53 0 24 554 26 147 0 685 2
15 574 16 8 127 0 4 8 0 411 7 140 574 2
15 592 7 1 337 0 36 504 529 4 325 23 510 2
15 52 10 556 36 0 94 5 1 252 0 86 21 0 291 287 21 0 6 138 562 4 0 29 1 188 6 285 169 2
0 0 0 1 0 59 0 2
72 0 578 4 561 138 340 0 401 29 227 0 5 1 523 2
72 0 11 8 0 0 0 3 11 193 530 225 7 187 6 530 225 3 1 0 0 0 11 685 7 193 192 59 33 66 135 18 0 2
0 25 35 8 268 96 0 5 0 456 121 44 25 534 0 642 0 149 7 646 670 5 1 298 11 0 3 426 0 33 0 478 1 205 12 0 2
0 7 655 12 630 0 0 45 47 0 50 5 0 1 305 151 0 21 0 26 0 4 547 7 138 17 8 0 3 0 0 151 7 0 8 0 0 0 305 559 4 257 132 100 2
15 0 0 25 35 144 4 53 229 0 53 1 92 26 148 217 677 4 0 7 0 27 0 358 0 7 148 24 0 5 261 148 345 11 0 4 0 43 0 2
15 0 3 55 164 66 27 299 4 0 24 150 3 391 0 0 474 30 43 51 0 0 5 0 24 1 0 2
0 585 0 0 0 0 8 0 95 5 0 12 31 46 24 1 0 6 0 0 0 0 5 8 294 0 99 94 47 0 50 3 118 382 10 2
0 65 8 133 0 14 0 0 22 299 4 0 39 0 680 436 4 368 127 6 0 0 0 0 5 210 7 653 0 0 0 0 0 5 679 2
646 7 642 0 269 39 0 6 43 205 0 57 73 3 0 8 39 0 5 1 0 85 1 48 107 2
15 0 586 13 46 601 8 0 176 422 4 0 1 142 12 75 577 522 542 3 0 672 645 0 0 10 2
0 1 103 32 0 4 1 0 31 3 154 566 16 0 0 30 248 377 0 4 103 7 1 103 0 0 39 0 7 0 0 2
0 6 372 0 170 6 1 197 0 6 1 0 0 154 66 34 35 507 0 249 29 0 24 103 0 7 0 0 389 26 485 3 0 10 2
114 88 218 0 251 123 76 113
666 27 0 6 1 0 0 23 1 327 209 13 46 211
0 681 10 317 17 25 269 8 233 13 1 205 14 32 0 388 0 136 13 0 562 7 67 0 0 0 0 2
71 0 538 13 8 0 5 1 0 307 13 320 3 7 37 0 260 6 253 36 0 3 249 10 2
9 15 489 31 16 80 0 531 2
0 551 16 420 86 128 27 345 11 0 4 0 289 3 9 8 354 5 8 481 0 577 274 10 2
621 225 144 162 137 13 46 3 41 0 5 0 0 5 461 0 216 11 0 6 1 0 3 0 10 2
71 569 11 657 549 4 532 37 545 61 50 139 212 3 461 0 0 3 0 13 320 30 447 6 658 12 0 4 0 275 0 2
0 94 0 38 6 360 0 0 13 1 422 0 8 0 3 1 0 668 10 2
0 10 230 20 0 576 45 1 0 214 5 0 7 1 0 244 6 0 7 8 260 6 0 34 35 177 60 2
0 644 3 48 591 538 13 8 0 355 5 0 0 3 0 217 8 0 7 0 29 0 0 128 2
0 0 60 145 18 81 0 3 9 61 6 361 0 2
64 102 285 119 14 42 106 0 478 0 3 42 0 0 0 3 42 19 68 473 14 134 0 2
0 58 10 1 0 0 670 3 37 548 0 3 32 0 8 39 437 5 210 4 101 0 11 0 0 5 210 7 1 653 0 0 5 679 2
15 0 381 214 5 33 45 0 128 22 0 5 1 252 280 79 2
9 69 22 0 130 0 4 101 17 99 0 687
15 0 25 0 11 8 63 0 181 0 89 0 4 0 55 7 0 134 74 20 0 0 2
0 199 0 7 0 12 149 13 317 236 21 0 11 678 12 0 296 0 4 0 26 226 2
0 0 3 664 0 26 43 0 13 318 48 249 0 0 23 1 241 151 1 185 6 322 12 0 0 7 1 302 6 175 392 2
676 0 111 30 8 0 244 7 0 4 491 1 0 0 26 1 495 600 155 17 145 18 0 24 1 0 2
618 65 659 133 199 200 0 264 0 29 1 0 5 8 0 6 1 482 89 213 239 2
623 27 1 481 0 5 1 332 428 13 46 30 125 23 1 173 332 133 199 0 2
70 10 17 20 1 75 119 14 21 0 0 350 34 0 1 0 680 31 2
9 624 12 81 0 57 20 8 0 0 0 0 7 57 16 0 3 9 0 87 2
15 0 0 0 10 342 20 195 0 26 1 467 0 0 0 4 1 0 6 0 5 256 4 240 0 525 0 2
154 42 508 1 171 346 0 44 84 68 0 0 257 29 1 197 86 1 310 0 32 0 42 2 9
0 7 328 196 22 58 35 582 30 432 0 11 208 196 2
0 613 106 28 0 198 142 44 0 25 35 576 23 327 190 370 30 148 138 0 4 21 435 0 3 7 204 5 33 332 171 187 264 4 101 8 0 9 452 6 441 9 4 0 2
7 8 0 0 6 0 5 1 142 3 9 1 159 10 2
0 10 1 284 22 35 1 371 6 8 0 7 0 0 14 0 0 5 0 0 93 4 47 0 50 5 0 2
71 0 0 13 1 238 6 1 0 20 104 5 45 279 0 2
0 58 10 60 36 0 0 13 0 26 201 7 67 0 6 0 628 0 2
69 27 0 45 265 7 340 3 28 0 2 9
0 630 16 1 75 4 0 0 0 13 1 0 6 121 17 32 607 11 21 0 0 3 82 121 470 0 14 0 7 214 5 121 16 8 0 247 7 22 231 93 37 499 592 4 0 14 271 30 115 30 0 2
0 58 10 14 24 575 0 0 242 7 1 0 404 235 0 0 105 1 75 169 6 1 54 3 17 0 4 97 37 183 5 235 11 1 0 169 6 0 334 30 115 2
72 0 3 148 12 82 528 0 0 3 25 588 8 0 95 5 677 12 0 52 7 0 82 498 13 451 6 1 0 0 0 2
0 0 3 120 11 204 12 0 0 572 305 3 10 204 20 0 21 394 5 572 24 0 2
15 97 23 1 0 0 671 635 471 58 0 59 532 26 655 12 625 0 149 3 33 0 0 21 625 0 0 0 259 1 31 41 8 0 403 23 1 471 2
0 335 276 4 117 0 24 8 0 3 9 40 10 2
15 306 146 0 1 0 6 0 3 1 594 0 6 146 0 0 3 51 100 41 366 17 181 362 0 2
0 87 14 9 1 172 92 42 143 0 1 0 455 0 0 311 384 38 7 1 0 455 311 0 38 16 102 14 0 0 7 0 99 0 2 9
0 85 1 48 187 309 170 29 1 0 3 0 8 0 0 234 51 54 2
64 8 52 379 10 17 19 18 0 4 0 8 489 168 0 2
15 168 20 1 165 6 8 156 38 183 5 175 258 127 7 8 156 38 168 5 566 11 0 3 1 146 10 2
0 10 201 0 172 555 239 24 111 24 81 435 49 0 0 2
0 627 3 0 0 1 364 12 0 613 5 62 0 0 30 0 3 0 256 0 0 0 7 0 0 0 3 228 0 0 90 0 62 0 30 8 0 0 3 0 8 0 6 0 2
0 0 0 0 10 678 0 8 0 0 4 0 1 0 0 83 7 220 0 1 0 0 364 5 8 0 4 0 11 1 0 0 5 0 2
15 0 10 1 396 0 34 35 236 93 11 126 0 30 8 165 6 0 236 603 286 11 347 0 7 497 603 286 11 0 114 0 113 2
666 51 73 12 75 0 266 85 0 7 1 515 3 664 25 0 62 0 170 6 1 0 565 0 268 0 0 12 0 14 9 1 0 27 257 2 9
0 144 0 44 374 0 0 3
0 61 354 10 211 9 15 0 27 357 0 0 4 0 5 150 7 27 366 447 5 0 33 66 34 0 0 26 5 1 252 9 2
0 0 5 1 631
72 0 6 0 7 513 7 0 0 0 4 0 117 6 0 2
9 64 13 1 67 0 3 78 84 68 219 14 60 12 198 417 11 1 0 49 1 0 0 49 0 551 4 18 0 45 1 0 14 66 22 8 0 3 66 22 8 114 0 113 464 3 7 66 27 289 60 4 526 14 464 3 9 40 10 2
9 88 1 160 6 325 60 16 172 61 63 7 172 17 16 0 4 0 457 49 0 24 139 98 3 9 643 65 166 41 8 0 232 6 8 448 578 2
9 69 27 80 292 53 1 0 0 3 9 40 10 5 0 0 4 166 2
64 0 227 6 1 0 14 22 0 96 1 0 45 1 398 6 0 5 0 3 40 10 40 106 28 486 102 0 19 237 4 152 29 1 0 437 2 9
15 0 573 476 3 33 0 549 4 0 157 0 13 43 0 4 8 0 12 0 396 3 25 35 288 3 0 10 2
0 0 16 546 374 57 54 86 6 537 0 0 5 436 0 23 1 0 116 2
9 0 78 0 29 16 153 1 209 25 1 0 4 0 1 298 0 6 0 0 49 544 4 0 43 31 123 0 3 9 1 0 10 2
15 0 502 442 4 18 177 59 8 386 0 4 180 550 3 386 442 167 4 185 0 0 29 1 52 12 0 284 3 0 167 4 1 110 6 0 0 0 206 3 7 8 584 5 286 167 4 1 0 11 0 0 2
9 0 0 238 0 0 246 0 29 0 7 8 385 0 5 424 29 0 12 3 9 10 330 0 3 304 7 302 0 6 0 0 0 2
0 10 0 6 8 189 5 1 208 412 243 13 318 34 534 41 8 0 0 652 108 0 0 2
70 58 511 8 0 0 7 8 0 6 0 14 627 3 0 0 3 0 4 62 0 5 1 0 5 0 6 48 6 1 0 12 0 2
9 665 1 0 54 56 540 8 0 83 165 33 122 0 51 54 2
0 32 388 8 39 179 4 0 132 100 4 607 139 107 4 216 13 1 0 0 3 10 0 0 0 0 2
0 1 63 135 22 588 197 602 0 29 0 8 275 0 3 24 37 0 0 0 477 4 0 160 0 7 0 0 0 5 580 79 3 315 7 0 0 2
70 0 29 0 0 109 118 20 0 2
15 376 186 6 130 0 108 16 104 4 191 105 1 0 6 1 54 3 9 0 0 0 0 10 5 8 159 2
9 78 19 540 4 191 0 1 402 4 0 369 161 178 30 0 12 0 7 608 191 43 0 553 4 423 8 0 4 0 5 0 3 9 0 10 5 62 159 90 13 0 5 1 77 0 656 2
71 533 0 245 32 18 0 23 675 669 44 0 23 1 39 52 3 0 7 675 669 10 2
0 0 329 2
0 25 10 17 0 4 183 0 29 0 23 414 0 4 0 0 151 0 1 127 6 0 3 0 0 90 414 1 0 6 0 0 0 2
622 106 68 278 17 2
0 0 206 3 0 23 462 5 0 11 8 475 6 21 0 3 10 46 17 250 4 9 0 0 9 21 126 0 4 297 8 0 444 2
15 282 176 34 0 0 552 109 449 49 0 0 23 160 179 0 3 0 645 0 0 10 13 46 2
15 0 380 32 18 0 429 0 0 7 67 490 195 0 32 502 1 205 7 1 0 3 617 4 1 430 245 2
624 32 18 0 509 7 60 5 1 0 6 415 368 49 415 0 44 60 32 18 81 467 168 5 0 3 9 40 87 2
72 0 0 45 488 282 465 12 250 4 476 157 0 6 272 255 13 0 2
15 0 12 516 0 288 4 0 38 6 235 26 0 38 3 30 0 0 289 427 4 0 0 7 0 0 7 383 21 598 233 108 2
0 10 1 224 20 0 7 360 55 106 28 237 4 152 19 18 0 2
0 72 0 135 0 67 0 4 0 587
0 0 4 300 13 0 0 2
150 3 33 0 111 30 8 0 244 28 0 4 139 239 3 25 0 0 190 14 22 0 0 23 203 7 67 111 482 2
64 1 0 50 0 110 6 0 25 0 1 83 4 0 21 0 174 567 365 0 2
0 0 3 590 0 29 0 690 0 3 10 8 189 19 0 1 178 188 6 1 590 31 2
207 3 315 454 14 0 20 420 57 232 2
9 0 42 597 8 0 42 0 596 26 284 519 59 1 0 0 23 67 190 3 9 0 0 0 3 1 0 0 0 0 5 1 672 0 3 65 202 2
0 7 263 98 164 1 0 5 0 7 0 0 7 0 0 22 35 0 23 480 241 55 101 0 6 0 8 54 0 0 0 7 485 5 1 0 0 2
0 16 153 194 238 36 605 0 5 2
0 38 6 0 0 0 433 0 6 0 14 0 43 0 73 0 105 1 51 156 262 3 9 1 97 10 2
9 15 83 32 0 4 222 1 0 6 8 0 268 13 1 321 31 6 0 182 7 4 597 61 6 1 339 12 594 182 107 3 9 17 10 2
629 0 34 0 1 39 0 465 19 0 26 21 0 2
111 12 0 620 0 641 3 58 138 81 0 11 21 136 3 10 5 21 46 0 14 203 19 267 5 651 24 201 12 185 6 160 2
0 499 541 10 60 25 35 298 11 212 96 1 484 0 3 0 1 183 5 0 0 16 469 1 394 11 550 99 496 2
15 0 0 12 448 380 0 0 25 10 0 129 1 586 0 143 0 8 0 6 1 581 7 0 45 557 521 0 3 0 28 0 155 484 132 54 2
15 0 0 184 0 1 0 6 1 321 0 358 1 0 3 565 0 0 316 248 3 218 6 0 6 0 3 7 8 0 0 6 0 0 4 61 612 1 241 2
15 39 233 16 348 37 0 0 0 0 0 384 4 0 0 6 316 0 0 253 4 18 0 85 0 3 0 7 676 2
0 5 8 202 434 34 35 0 11 8 0 6 1 216 0 4 47 0 593 5 147 2
9 69 84 68 219 8 215 14 25 0 0 122 84 0 17 106 91 0 4 57 28 0 0 3 9 10 330 0 3 563 6 0 11 671 635 89 598 291 3 5 8 363 494
15 0 0 20 0 0 0 0 12 362 0 26 1 0 23 0 0 0 5 0 3 1 0 418 0 12 0 176 30 124 5 8 0 0 23 1 0 2
0 12 604 4 322 7 527 0 3 0 0 0 3 25 0 4 237 4 0 4 184 2
15 199 416 383 8 95 5 1 0 0 0 52 4 8 0 6 0 7 0 7 633 12 0 2
0 208 74 223 76 536 4 0 1 208 158 31 3 33 0 0 41 1 0 314 0 186 6 180 0 74 223 283 7 0 0 8 189 5 21 180 74 31 243 2
0 4 463 479 6 524 36 125 5 1 0 0 0 3 0 3 0 7 0 560 2
207 1 76 536 4 0 39 462 5 1 123 31 7 0 454 14 8 412 243 189 20 0 605 0 5 2
0 56 36 124 14 40 20 28 509 151 115 3 134 4 130 367 3 40 20 3 9 8 0 0 293 65 202 2 9
0 10 1 328 0 12 500 95 5 631 0 19 184 589 0 556 33 27 559 4 18 125 13 318 2
0 16 6 1 0 2
15 0 0 4 18 487 5 0 3 9 61 568 10 2
0 0 0 24 1 0 3 0 0 3 585 3 0 7 583 12 0 27 0 1 0 4 18 0 2
0 10 0 16 115 0 11 0 0 5 1 341 7 79 609 2
15 379 10 1 127 365 135 18 0 41 1 0 2
665 0 0 0
0 109 501
0 3 17 16 0 0 4 0 0 31 315 27 161 0 5 43 273 0 2
319 668 120 0 674 10 1 0 6 591 129 1 51 48 570 25 0 8 0 4 53 77 0 7 0 4 403 392 3 546 0 0 2
0 149 12 0 13 46 601 8 0 314 0 6 1 52 181 8 39 507 52 4 18 308 0 639 206 2
15 493 32 18 0 4 0 0 370 30 37 0 3 0 7 136 0 7 32 0 8 39 0 5 1 140 6 0 3 1 254 10 2
9 15 261 560 191 4 458 213 116 4 423 571 140 3 9 1 0 571 97 10 2
0 147 0 3 0 541 163 37 0 256 14 144 1 52 0 8 0 6 0 398 0 2
200 12 428 393 0 618 10 13 46 14 1 429 34 529 23 510 4 8 409 5 0 3 8 0 413 0 6 323 2
9 69 34 76 346 416 228 1 505 31 16 0 4 0 7 1 273 0 36 517 3 9 10 0 0 3 304 29 1 0 0 0 531 0 0 0 0 2
0 10 1 0 6 1 0 3 33 20 0 11 633 26 150 3 20 425 406 11 1 0 2
64 91 1 51 297 0 0 1 0 144 5 0 3 1 271 0 2
15 0 296 3 1 0 3 16 28 0 44 25 35 0 226 612 1 77 0 129 1 51 54 3 24 8 0 6 45 684 38 2
324 12 599 0 0 65 0 17 19 222 262 11 1 136 4 18 387 4 492 2
640 2
629 10 66 34 35 519 0 528 7 342 90 5 0 109 43 0 2
88 1 75 439 3 42 84 68 22 4 117 1 74 49 473 17 211 326 42 22 8 446 512 54 42 145 487 0 0 1 74 155 42 22 4 117 17 2
0 339 355 0 0 0 0 25 35 0 1 303 4 0 62 0 132 73 2
88 8 0 387 4 0 3 0 6 1 0 0 0 0 10 59 1 0 1 0 143 28 18 443 23 1 141 449 3 7 0 4 0 155 1 132 0 16 0 2
0 0 206 10 13 46 14 17 19 101 21 0 440 0 312 217 193 404 0 2
688 650 626 690 329 7 67 0 470 27 0 4 267 265 12 0 0 2
0 0 0 330 0 3 0 5 0 3 0 3 308 1 97 12 0 9 453 0 6 8 175 0 9 7 10 40 19 101 1 344 13 0 9 0 0 2
70 290 68 0 14 92 2 9
15 48 265 0 0 3 90 1 0 356 74 26 1 0 0 7 0 17 5 8 0 2
0 1 413 13 1 0 6 0 344 7 636 0 200 125 4 22 518 13 0 3 0 309 170 5 323 129 55 20 399 0 13 0 2
72 0 681 438 4 0 0 0 6 280 0 55 36 253 5 1 0 0 0 14 0 5 1 395 3 459 1 0 656 5 0 2
15 0 6 1 0 31 0 1 472 0 6 0 26 0 0 3 0 10 2
0 3 213 116 606 648 0 7 0 4 0 115 5 1 73 287 112 686 44 524 185 0 20 582 5 468 0 0 3 1 0 648 0 97 10 2
15 63 25 0 8 0 0 6 0 38 5 0 11 652 41 17 288 8 430 279 38 5 147 2
71 0 173 10 619 34 96 518 0 6 108 7 14 0 611 4 222 407 11 1 0 6 1 619 0 2
0 0 522 36 0 4 162 137 5 0 192 2
0 16 58 477 4 0 14 8 0 59 426 0 122 28 18 606 4 0 259 212 11 8 260 6 79 2
207 3 40 87 14 126 378 23 1 0 445 5 1 0 19 0 4 240 1 0 6 1 194 195 0 5 1 0 274 2
9 0 12 76 0 14 1 555 0 16 80 463 2
0 17 0 81 0 4 229 5 1 313 3 9 0 0 0 393 0 0 10 23 363 2
0 1 405 13 112 0 3 0 10 1 302 0 20 4 0 1 0 291 12 424 2
0 3 0 0 1 0 16 8 0 7 0 215 91 0 5 8 406 0 3 9 0 10 2
0 5 328 0 0 7 229 83 638 0 0 280 38 137 41 37 497 535 30 492 0 8 367 0 50 0 535 5 174 26 450 451 2
71 0 16 104 0 13 1 0 6 0 11 1 682 38 95 1 63 0 5 0 2
9 0 128 359 14 230 34 17 580 3 9 61 293 10 2
53 1 180 0 6 1 108 3 56 27 0 13 3 9 83 0 563 0 0 65 202 5 37 494 2
326 0 575 21 141 0 7 0 3 17 143 0 1 0 0 313 459 1 0 0 483 57 73 2
0 6 1 0 16 11 152 5 0 7 0 663 12 0 181 57 385 390 110 31 3 10 663 3 33 0 390 76 4 258 7 103 107 2
15 0 6 0 1 0 6 0 0 5 322 27 131 338 94 29 198 119 96 480 515 389 1 654 604 12 409 5 0 0 570 0 3 8 654 63 120 10 13 320 2
9 326 56 689 277 4 18 8 82 0 5 667 3 56 335 276 4 18 5 60 3 7 56 335 276 4 18 469 0 14 1 0 369 349 57 119 3 0 94 0 91 17 12 163 3 234 7 0 7 56 22 81 0 3 9 0 10 2
88 8 0 506 232 5 533 297 14 287 41 333 0 0 3 324 12 0 0 602 11 8 438 0 4 0 17 0 41 0 0 26 182 301 2
0 10 0 0 301 36 28 614 23 1 0 7 36 0 59 179 2
70 10 37 610 11 1 0 3 33 0 61 38 272 7 16 0 5 683 79 3 20 163 5 621 13 46 2
9 0 145 78 164 53 0 0 3 446 24 0 4 1 140 6 1 310 0 0 11 0 5 0 0 7 8 512 493 245 33 0 4 0 7 137 0 24 57 595 3 22 35 0 3 9 0 10 2
0 0 2
78 0 0 14 136 3 9 8 120 11 0 10 2 9
15 110 16 58 371 4 1 0 6 0 0 0 8 246 0 6 0 50 0 5 48 281 79 0 0 3 0 2
9 71 0 16 295 59 92 4 0 1 0 7 192 6 1 0 3 58 0 13 1 281 0 6 0 7 1 0 6 1 0 0 5 1 110 6 0 3 9 638 10 2
9 70 32 18 517 102 56 145 0 8 92 4 0 1 395 474 247 0 1 111 0 3 9 0 10 2 9
15 174 0 165 11 1 0 54 16 545 4 18 5 1 0 3 9 17 10 2
9 0 3 56 19 278 0 48 49 156 99 0 7 56 19 0 130 433 24 227 0 0 3 9 10 0 0 3 0 0 304 2
88 0 3 37 0 131 19 184 240 296 31 0 3 0 10 2 9
9 69 27 80 0 67 167 0 3 9 0 65 1 254 2
643 3 55 356 248 5 147 3 25 336 4 526 37 610 163 85 1 527 63 7 1 0 0 0 14 299 325 4 0 21 0 5 1 0 331 0 6 0 2
114 5 0 6 0 0 0 113
9 0 32 18 472 86 128 486 1 0 0 16 80 5 439 7 453 134 32 584 3 9 40 0 2
0 215 0 0 0 13 317 125 8 162 137 94 104 75 514 0 246 6 0 593 0 3 124 82 405 20 0 2
649 0 4 0 62 0 29 1 503 6 0 12 39 63 5 0 483 57 100 3 647 10 2
0 264 0 0 0 6 1 0 0 3 488 581 444 3 55 309 24 1 173 475 23 266 0 6 1 0 7 0 457 24 1 63 7 0 6 53 445 2
0 87 14 17 19 0 47 0 11 174 141 100 353 615 0 26 1 353 615 539 410 3 0 5 45 47 0 50 0 5 1 539 410 2
15 319 0 209 114 632 113 19 271 8 175 419 3 33 19 220 18 0 4 0 632 0 3 33 19 220 0 1 419 4 118 107 3 118 382 10 2
15 77 0 0 0 16 131 0 4 0 7 17 0 4 520 21 0 43 0 197 2
200 3 682 3 25 28 35 0 5 421 96 40 0 5 8 0 0 0 105 62 503 11 62 0 221 13 112 333 2
9 15 224 443 259 0 7 5 37 0 92 3 9 8 0 6 1 0 55 308 1 224 3 10 2
649 12 120 0 647 10 1 48 0 0 0 19 267 11 45 514 37 506 4 561 347 490 2
71 39 0 26 1 634 0 6 0 0 32 589 1 505 31 357 228 14 274 427 5 53 0 6 0 7 0 22 552 511 376 49 400 105 1 51 169 2
0 153 0 7 0 19 0 0 4 1 307 31 4 282 43 573 4 1 294 3 0 10 9 425 687
44 42 0 0 2
207 3 30 126 543 22 0 3 17 16 58 8 0 313 7 1 431 11 8 263 0 80 0 2 9
0 99 36 0 49 337 5 1 0 341 6 334 2
319 98 10 0 25 0 316 0 0 13 0 0 329 2
0 12 158 3 33 34 400 0 26 45 47 333 251 123 41 660 75 269 21 595 3 0 47 0 4 47 0 5 0 118 13 133 660 20 0 1 452 2
0 0 0 0 7 0 25 270 8 178 221 587 0 11 641 149 0 0 158 3 124 21 141 0 4 450 158 20 0 7 122 0 5 1 178 221 2
0 0 14 34 231 93 0 0 5 150 348 275 0 7 0 0 19 596 7 0 8 0 31 123 3 17 10 2
661 10 14 650 626 16 0 4 0 21 108 23 277 41 1 47 0 0 31 3 44 40 290 68 391 17 30 8 9 0 186 548 9 11 1 52 2
9 78 219 14 114 171 113 16 154 1 0 89 0 19 0 3 9 0 65 166 29 1 0 2
15 116 5 0 0 32 0 0 7 0 24 0 13 46 0 24 1 303 6 61 6 48 0 3 1 634 0 10 2
9 70 177 0 0 86 78 0 359 192 19 278 338 41 285 0 7 14 78 19 68 22 8 303 2
70 0 14 324 12 25 0 77 0 0 2
204 3 0 508 558 5 1 73 3 0 93 162 44 116 0 343 6 525 0 5 306 7 261 0 24 0 432 5 0 0 2
622 84 28 22 4 84 161 3 9 0 10 2
71 82 0 5 141 616 479 16 28 104 5 1 0 523 3 9 17 87 2
0 0 0 98 10 0 19 28 0 4 166 109 1 0 7 17 20 351 102 230 19 22 0 4 164 0 91 1 0 20 129 2
0 6 201 12 0 0 10 203 12 9 0 0 9 0 8 0 4 1 0 0 0 408 6 0 3 0 558 0 26 651 98 14 203 20 28 5 1 142 2
